            ds           yhat     yhat_lower    yhat_upper
0   2010-01-15  500632.260759  200087.687184  8.231030e+05
1   2010-01-30  515683.399676  180088.233614  8.282004e+05
2   2010-05-06  541669.682420  220244.873970  8.780467e+05
3   2010-05-11  425451.594760  132627.580157  7.456004e+05
4   2010-05-21  447704.623477  142111.008271  7.350146e+05
5   2010-06-03  584848.367876  259427.065851  8.795550e+05
6   2010-06-08  526705.080596  187957.818464  8.564065e+05
7   2010-06-18  524595.667943  212549.625077  8.485531e+05
8   2010-06-27  538214.197580  214339.426749  8.449341e+05
9   2010-06-28  650263.134903  348782.973256  9.527705e+05
10  2010-08-15  607161.084789  303045.588609  9.175624e+05
11  2010-08-26  461768.800315  151774.571419  7.711470e+05
12  2010-09-27  680698.598688  370203.060309  9.963064e+05
13  2010-10-10  553608.309924  246260.011796  8.467463e+05
14  2010-10-26  710339.839506  378443.069848  1.037728e+06
15  2010-10-28  773585.605133  474975.863753  1.083445e+06
16  2010-11-02  633879.437255  324406.209273  9.756747e+05
17  2010-11-06  607736.053252  273979.454513  9.377762e+05
18  2010-12-02  739870.806177  420948.481652  1.045723e+06
19  2010-12-19  639377.543828  322808.565832  9.570304e+05
20  2010-12-29  556105.326973  263402.492002  8.558928e+05
21  2011-01-03  699386.263154  375509.130461  1.033177e+06
22  2011-01-08  566089.237992  249860.861611  8.789443e+05
23  2011-01-22  470772.795270  175210.293922  7.803610e+05
24  2011-01-26  471724.023877  150460.658346  7.810378e+05
25  2011-02-19  712735.722603  408877.721584  1.021444e+06
26  2011-03-02  501231.986238  207873.591900  8.118593e+05
27  2011-03-08  374978.387431   67786.952717  6.853128e+05
28  2011-03-23  553776.115915  213983.584975  8.496721e+05
29  2011-04-16  553423.837828  234125.804615  8.858007e+05
30  2011-05-22  491928.740175  164450.123488  8.045552e+05
31  2011-05-29  553294.941465  226912.054083  8.680272e+05
32  2011-05-31  490946.742117  173864.568271  8.144062e+05
33  2011-06-18  545132.448307  251143.957074  8.566029e+05
34  2011-06-28  457262.108355  167305.818998  7.731253e+05
35  2011-07-03  541559.676244  244914.126343  8.511565e+05
36  2011-07-23  511644.438858  205121.546886  8.210179e+05
37  2011-09-09  487240.996553  179687.246462  7.864716e+05
38  2011-09-17  592434.920769  267969.064303  9.009720e+05
39  2011-09-24  578122.915230  273828.568699  9.099771e+05
40  2011-10-22  742545.709253  438923.908881  1.064968e+06
41  2011-11-05  635228.153412  314470.836460  9.420726e+05
42  2011-11-08  509990.708842  169050.072113  8.418908e+05
43  2011-11-19  496976.033177  190955.732792  7.880216e+05
44  2011-11-29  618948.569444  313077.289592  9.428098e+05
45  2011-12-28  555832.685022  233090.924195  8.665882e+05
46  2012-01-22  492107.460103  191296.908115  8.079366e+05
47  2012-01-24  407663.825714   81725.123303  7.111227e+05
48  2012-01-30  641045.193140  333923.855257  9.552528e+05
49  2012-03-19  652330.415517  354601.248765  9.570357e+05
50  2012-03-24  570049.279499  250435.926899  8.833166e+05
51  2012-04-01  604148.057815  294450.651460  9.099193e+05
52  2012-04-06  543961.505934  246234.148643  8.820003e+05
53  2012-05-24  502377.247246  194317.113986  7.992025e+05
54  2012-05-27  540911.067849  239497.894195  8.477895e+05
55  2012-06-10  601896.257655  285374.729138  9.224644e+05
56  2012-06-16  551782.269046  222695.952228  8.772464e+05
57  2012-07-25  520566.891240  187004.286513  8.298183e+05
58  2012-08-16  580556.401523  260782.981322  8.792276e+05
59  2012-09-08  503050.156557  180325.807349  8.216385e+05
60  2012-09-25  502373.621361  204007.333890  8.061043e+05
61  2012-11-03  662328.241968  341294.858765  9.736910e+05
62  2012-11-06  536314.535168  200371.976801  8.597045e+05
63  2012-11-11  526162.444864  194984.275798  8.282704e+05
64  2012-11-24  592445.601577  280658.629379  9.105082e+05
65  2012-12-17  771506.497678  460496.322084  1.086801e+06
66  2012-12-21  569753.463429  275224.767314  8.875353e+05
67  2012-12-29  557815.402310  229885.977374  8.672456e+05
68  2013-01-02  563276.603734  234655.968362  8.643494e+05
69  2013-01-12  542277.119183  222099.439238  8.726014e+05
70  2013-02-21  685184.091858  379251.023805  1.005192e+06
71  2013-04-16  494294.299972  165381.324505  7.903486e+05
72  2013-04-18  571171.729657  250531.602401  8.806538e+05
73  2013-04-21  592583.067076  279758.015597  9.196872e+05
74  2013-04-22  708052.475474  405094.279691  1.010338e+06
75  2013-04-23  518246.812007  205662.902343  8.425103e+05
76  2013-05-10  471345.610160  148507.795138  7.938850e+05
77  2013-06-19  535012.078849  218768.512360  8.425764e+05
78  2013-07-02  459922.126804  145860.812088  7.742718e+05
79  2013-07-05  502727.914188  191422.232545  8.076362e+05
80  2013-07-11  529228.525483  223407.883153  8.375213e+05
81  2013-08-16  553164.989852  232455.628659  8.657635e+05
82  2013-08-18  568891.205445  259747.686261  8.758010e+05
83  2013-08-22  504200.425173  192972.631509  8.347963e+05
84  2013-09-11  537863.849143  243171.482610  8.384691e+05
85  2013-09-16  722013.889087  395392.561383  1.031995e+06
86  2013-09-17  534182.203051  219865.687543  8.437400e+05
87  2013-10-18  665496.193712  352293.720661  9.668073e+05
88  2013-11-17  504981.744168  188970.178140  8.152355e+05
89  2013-11-18  624425.671802  287140.074799  9.198807e+05
90  2013-11-19  442067.492940  125493.745845  7.500010e+05
91  2013-11-20  513181.221722  181189.703766  8.406253e+05
92  2013-11-29  667891.617123  341250.797321  9.723468e+05
93  2013-12-15  692177.167475  398619.206989  1.012520e+06
94  2014-01-08  562752.059827  261832.447354  8.636173e+05
95  2014-01-22  467343.514680  180084.013051  7.826463e+05
96  2014-01-23  477740.559603  140650.171173  7.804071e+05
97  2014-01-26  494816.057748  175804.279820  8.139451e+05
98  2014-02-04  542804.384721  220573.140527  8.499745e+05
99  2014-02-24  753367.776682  427641.310020  1.040624e+06
100 2014-02-28  516269.346400  197195.369414  8.328287e+05
101 2014-03-18  440628.858674  110609.562396  7.398258e+05
102 2014-03-27  593584.855655  282594.607644  8.787345e+05
103 2014-03-28  566488.504935  264783.154763  8.767845e+05
104 2014-04-06  585694.295041  259306.239626  9.037672e+05
105 2014-04-16  551408.768545  228226.522112  8.523022e+05
106 2014-04-24  590115.523706  287263.352270  9.186188e+05
107 2014-05-09  482278.367375  154818.582809  7.965829e+05
108 2014-06-02  700027.232172  370766.532760  1.022040e+06
109 2014-06-03  513376.874651  205954.836955  8.486214e+05
110 2014-06-05  592379.422782  289143.480162  9.231449e+05
111 2014-08-07  619539.911048  290942.723043  9.519373e+05
112 2014-08-13  599596.201585  271685.494400  8.914382e+05
113 2014-08-16  575121.985751  267458.717240  8.663072e+05
114 2014-08-17  584354.112713  259329.329272  8.962275e+05
115 2014-08-21  520927.122691  202391.268117  8.194981e+05
116 2014-08-23  483628.294695  179663.840113  7.908289e+05
117 2014-09-12  529427.165497  213485.846803  8.362730e+05
118 2014-12-09  685626.415721  392051.469049  9.935378e+05
119 2015-01-08  575507.474288  279350.194201  8.933680e+05
120 2015-01-09  542356.592436  226003.774914  8.280516e+05
121 2015-01-11  572651.025503  276494.022125  8.764823e+05
122 2015-01-24  466839.581190  163472.940041  7.841400e+05
123 2015-02-19  722153.959256  401147.021466  9.950984e+05
124 2015-02-24  565636.921740  259155.535128  8.906367e+05
125 2015-03-06  427450.743730  107810.905399  7.328998e+05
126 2015-03-08  454512.607574  132253.328171  7.575115e+05
127 2015-04-21  509616.532250  194641.739611  8.106123e+05
128 2015-04-25  580653.722677  274322.741334  9.144224e+05
129 2015-05-18  588815.459756  266258.636347  9.010779e+05
130 2015-05-30  540886.816214  232478.325353  8.756844e+05
131 2015-06-15  693611.180767  398730.271082  1.007609e+06
132 2015-07-04  520665.764902  195899.601170  8.292759e+05
133 2015-07-11  518952.739611  188820.342415  8.610070e+05
134 2015-07-17  488860.111148  185974.981213  8.046165e+05
135 2015-07-24  494308.162219  172063.046495  8.130384e+05
136 2015-07-28  475608.849163  157011.424042  7.885266e+05
137 2015-07-31  539376.075723  196426.902104  8.449924e+05
138 2015-10-21  725795.293917  420364.873972  1.022752e+06
139 2015-12-03  746735.589412  436203.002440  1.084446e+06
140 2015-12-08  691911.223227  371170.790426  9.899346e+05
141 2016-01-26  411119.572536   79108.276606  7.249199e+05
142 2016-02-13  730347.989546  387507.576797  1.037102e+06
143 2016-03-07  567403.064133  241523.106923  8.938342e+05
144 2016-04-20  566475.074792  272356.448540  9.035823e+05
145 2016-04-26  521488.346641  218809.119400  8.151066e+05
146 2016-05-02  691625.769040  394754.369243  1.023175e+06
147 2016-05-25  498035.431404  188354.116576  8.321828e+05
148 2016-06-03  555875.718425  253015.006326  8.444114e+05
149 2016-06-05  603441.728086  298221.777763  9.209771e+05
150 2016-06-20  663138.172479  340257.125215  9.948412e+05
151 2016-07-02  519258.003410  186032.013556  8.165138e+05
152 2016-07-04  653758.220631  336566.960874  9.706808e+05
153 2016-07-09  520248.840329  209441.725389  8.035986e+05
154 2016-07-11  650322.245910  328416.748965  9.263882e+05
155 2016-07-23  512614.202383  197321.964068  8.185079e+05
156 2016-08-07  630831.678111  316144.700807  9.261021e+05
157 2016-09-04  474419.528616  169523.548554  7.711920e+05
158 2016-09-08  512468.759938  166933.277856  8.140637e+05
159 2016-09-25  581908.221437  258482.114654  8.904997e+05
160 2016-10-04  435541.184450  113618.564970  7.306891e+05
161 2016-10-17  802315.175926  497911.360974  1.120106e+06
162 2016-12-01  732000.049024  396710.574898  1.059862e+06
163 2016-12-02  713930.609795  414961.550177  1.048159e+06
164 2016-12-13  636060.956849  320900.053360  9.524220e+05
165 2016-12-14  679835.840081  366758.451233  9.958993e+05
166 2016-12-25  581753.680024  242630.835774  8.810179e+05
167 2017-01-07  565629.897617  264648.550337  8.826950e+05
168 2017-01-15  536685.250211  199123.500099  8.355674e+05
169 2017-02-19  725480.156174  413089.450792  1.040233e+06
170 2017-03-02  503251.112489  164850.929153  8.259606e+05
171 2017-03-05  471968.181155  142123.223925  7.743648e+05
172 2017-03-14  396841.403459   58212.314751  6.807572e+05
173 2017-03-29  584894.150716  273835.417013  8.979662e+05
174 2017-05-07  538185.212242  202414.752064  8.448864e+05
175 2017-06-24  518482.762819  205764.792765  8.060477e+05
176 2017-06-25  537633.927923  217553.544400  8.580765e+05
177 2017-08-10  622218.520757  329512.614120  9.435329e+05
178 2017-08-17  570292.015466  248240.990235  9.120120e+05
179 2017-08-20  540705.251914  235706.979753  8.665870e+05
180 2017-08-25  437172.752598  120322.315358  7.467884e+05
181 2017-08-31  438881.035925  118031.256768  7.561003e+05
182 2017-09-04  583843.202141  272808.729244  9.100255e+05
183 2017-09-14  583244.528101  269993.568114  8.824131e+05
184 2017-09-22  567552.352878  230717.297160  8.709717e+05
185 2017-09-29  504399.491143  183799.017149  8.258400e+05
186 2017-10-11  547334.098366  219767.601825  8.542386e+05
187 2017-10-29  770927.763283  463590.002624  1.089861e+06
188 2017-11-06  733143.155692  427131.821561  1.059927e+06
189 2017-11-17  463728.162411  136182.086509  7.705312e+05
190 2017-12-05  692249.388038  402104.805512  1.022598e+06
191 2017-12-10  755307.859904  444199.605815  1.070091e+06
192 2017-12-17  661660.459938  356098.643185  9.564818e+05
193 2017-12-23  572918.640611  251382.022949  8.717719e+05
194 2018-01-06  567026.442050  254253.830444  8.800065e+05
195 2018-01-18  502146.460473  187475.171276  8.140384e+05
196 2018-02-21  675845.278830  386419.093072  9.803651e+05
197 2018-02-24  619489.960670  311104.358492  9.362059e+05
198 2018-03-06  384005.297973   34409.321821  7.075742e+05
199 2018-03-11  454077.898912  109539.037243  7.359552e+05
200 2018-03-18  520163.879604  196139.694759  8.395818e+05
201 2018-03-23  536606.815910  238895.021414  8.517127e+05
202 2018-04-12  558105.883756  251517.024207  8.665575e+05
203 2018-04-25  578330.549876  268655.425798  8.864721e+05
204 2018-05-16  454618.249528  139819.618549  7.680792e+05
205 2018-05-31  561574.682092  226373.456801  8.779451e+05
206 2018-06-03  592911.955504  283685.768195  9.192297e+05
207 2018-06-21  538244.348902  235195.079153  8.563497e+05
208 2018-07-01  537958.552959  227478.221259  8.404901e+05
209 2018-08-03  565025.211441  271790.363266  8.756027e+05
210 2018-08-11  609743.291887  276869.841110  9.004208e+05
211 2018-08-16  584541.142222  253962.126831  8.916834e+05
212 2018-09-12  545972.195377  241932.068083  8.475080e+05
213 2018-10-03  496114.495647  182541.316584  7.938078e+05
214 2018-10-12  541784.604366  235301.434490  8.572371e+05
215 2018-11-24  580577.431384  234338.703573  9.017344e+05
216 2019-03-15  441779.410617  116936.241055  7.458644e+05
217 2019-04-10  548763.243889  241430.435564  8.712122e+05
218 2019-04-21  589151.870414  272107.883132  8.863011e+05
219 2019-05-15  458038.052621  153363.056163  7.651489e+05
220 2019-06-27  525657.296335  222268.153465  8.154184e+05
221 2019-07-20  505183.772670  188972.981615  8.214946e+05
222 2019-08-04  610460.932232  295745.796715  9.265911e+05
223 2019-08-05  729251.310098  439763.582702  1.037399e+06
224 2019-08-21  510695.845117  224750.304749  8.367251e+05
225 2019-09-01  449609.634024  142770.080534  7.697592e+05
226 2019-09-13  537003.938068  229283.633896  8.467324e+05
227 2019-09-17  530382.907935  237209.571141  8.725639e+05
228 2019-09-18  592298.428661  272614.580674  9.371004e+05
229 2019-09-23  716135.426175  400701.989820  1.020604e+06
230 2019-10-02  501947.277678  217049.673147  8.165260e+05
231 2019-10-04  476070.505962  153477.128289  7.706471e+05
232 2019-10-20  731265.696999  430017.368146  1.024271e+06
233 2019-10-30  742119.546770  416427.006654  1.072132e+06
234 2019-11-02  696193.803814  386687.860396  1.019513e+06
235 2019-11-07  599390.278828  262813.218820  8.925811e+05
236 2019-11-11  646645.950524  319743.115956  9.591120e+05
237 2019-11-20  504717.506918  176168.896492  8.319307e+05
238 2019-12-04  741967.050499  429914.973730  1.053850e+06
239 2019-12-27  537318.886247  221727.175880  8.474636e+05
240 2019-12-28  555520.642712  243339.671805  8.787193e+05
241 2019-12-29  576113.656498  272774.195585  9.131202e+05
242 2019-12-30  689008.049170  386910.537927  1.034097e+06
243 2019-12-31  497803.000909  187090.793989  8.102030e+05
244 2020-01-01  557784.222306  249686.492888  8.816607e+05
245 2020-01-02  572211.884370  279518.098230  8.639280e+05
246 2020-01-03  544245.713830  235122.473488  8.529755e+05
247 2020-01-04  565352.705897  244414.242952  8.698835e+05
248 2020-01-05  587129.410800  281665.554216  9.092709e+05
249 2020-01-06  699496.867343  396856.631806  9.927986e+05